1403636579763555584.000000 0.000000000 0.000000000 0.000000000 -0.000000000 -0.000000000 -0.000000000 1.000000000
1403636580063555584.000000 -0.001202196 0.131134391 0.040620692 -0.020614652 0.005851022 -0.000419697 0.999770284
1403636580113555456.000000 -0.001986343 0.155947253 0.047770217 -0.023064649 0.005693773 0.001607793 0.999716520
1403636581063555584.000000 -0.017425304 -0.008352866 0.008241302 -0.020295938 0.019220760 -0.019069176 0.999427319
1403636581213555456.000000 -0.018723195 -0.093388662 -0.011109841 0.002454977 0.020792898 -0.013546545 0.999688983
1403636582163555584.000000 -0.000575093 0.252901971 0.066496089 -0.053130813 0.020254191 -0.009830371 0.998333752
1403636584063555584.000000 0.013315734 0.275709033 0.073800176 -0.063877001 0.023249062 -0.012080830 0.997613788
1403636584863555584.000000 -0.000698729 -0.159640476 -0.016410785 0.013597455 0.046064667 -0.016781978 0.998704970
1403636587613555456.000000 0.141639471 0.087117240 -0.006274320 -0.197710097 0.032354239 0.016507894 0.979587376
1403636588163555584.000000 0.325829566 0.084354930 0.012952879 -0.205234513 0.065865912 0.032628220 0.975948691
1403636589513555456.000000 -0.028062180 0.090219311 -0.033789240 -0.195848718 0.023185154 0.015477213 0.980237842
1403636589713555456.000000 -0.122237332 0.096922182 -0.040834233 -0.191520244 0.017149145 0.012151418 0.981263578
1403636589863555584.000000 -0.186265483 0.105912171 -0.046014465 -0.196713567 0.006120523 0.010106727 0.980389833
1403636590063555584.000000 -0.247589543 0.115216658 -0.050321642 -0.198974088 -0.011013653 0.009445340 0.979897380
1403636591813555456.000000 0.198007539 0.116764948 0.001818106 -0.150079593 0.064818092 0.019257993 0.986358881
1403636592413555456.000000 0.255017370 0.086106971 0.103895433 -0.169334516 0.097110845 0.047493342 0.979611993
1403636592763555584.000000 0.194503173 0.053733297 0.206341445 -0.151324302 0.039747618 0.021975206 0.987440228
1403636592963555584.000000 0.100111991 0.050750230 0.228086144 -0.159613833 -0.017470635 0.009354109 0.986980617
1403636593113555456.000000 0.009565733 0.059255470 0.207418203 -0.167075574 -0.058919918 -0.003384441 0.984176159
1403636593313555456.000000 -0.104959607 0.080046400 0.140253261 -0.170894399 -0.103240170 -0.003846493 0.979858100
1403636593513555456.000000 -0.162223309 0.113042384 0.052354366 -0.178226665 -0.106216490 -0.006598524 0.978217661
1403636593713555456.000000 -0.149621353 0.152519271 -0.030579124 -0.192330435 -0.078611717 0.009362520 0.978131711
1403636593813555456.000000 -0.119768001 0.167285621 -0.065918893 -0.197312191 -0.048830193 0.023395453 0.978844345
1403636593913555456.000000 -0.078562595 0.177236661 -0.094404094 -0.191046715 -0.010380735 0.038547672 0.980768800
1403636594063555584.000000 0.000319512 0.183343098 -0.118830234 -0.175302401 0.050163802 0.056839690 0.981591582
1403636594413555456.000000 0.202726692 0.164634839 -0.059741072 -0.171703309 0.134908870 0.071671449 0.973232150
1403636594713555456.000000 0.297083944 0.121655248 0.075914897 -0.145422846 0.135575786 0.064444207 0.977915347
1403636594863555584.000000 0.261826843 0.108205609 0.135915205 -0.139703482 0.108451575 0.054166581 0.982744753
1403636595063555584.000000 0.133773118 0.103175342 0.174109012 -0.135835990 0.038401622 0.024513578 0.989683270
1403636595213555456.000000 0.015644828 0.112344489 0.170318887 -0.143893003 -0.019449800 0.008462332 0.989365935
1403636595363555584.000000 -0.070757121 0.128373906 0.143808648 -0.150943652 -0.063833028 -0.003452270 0.986473262
1403636595513555456.000000 -0.104765020 0.144371495 0.100187249 -0.155892581 -0.079449058 -0.006529715 0.984552026
1403636595863555584.000000 0.020628653 0.187252820 0.000332503 -0.164529294 -0.028769251 -0.005834738 0.985935271
1403636595963555584.000000 0.075775027 0.200124949 -0.022138342 -0.165716603 0.003448481 0.002111055 0.986165106
1403636596113555456.000000 0.134584606 0.218686625 -0.063429885 -0.172044441 0.046864424 0.015267211 0.983855367
1403636596663555584.000000 -0.000351486 0.234567896 -0.248065621 -0.159098148 0.063367128 0.019354302 0.985036969
1403636597513555456.000000 0.061034530 0.120844245 0.102063678 -0.165388465 0.001336543 -0.023163253 0.985955536
1403636597763555584.000000 0.020644225 0.106923021 0.155092299 -0.144900680 -0.055130620 -0.030750401 0.987430453
1403636598363555584.000000 -0.022684678 0.207710937 -0.023259390 -0.186603889 -0.063060522 -0.054365646 0.978900790
1403636598763555584.000000 0.022290628 0.237237737 0.071535051 -0.144287884 -0.080276884 -0.055063307 0.984735847
1403636598863555584.000000 0.029832218 0.245842040 0.108345591 -0.121120930 -0.089583091 -0.051948152 0.987221360
1403636599013555456.000000 0.041105919 0.266611338 0.158471227 -0.093443379 -0.092536978 -0.049763992 0.990065038
1403636599113555456.000000 0.045028385 0.277527362 0.182184994 -0.075181387 -0.098561108 -0.045338470 0.991250694
1403636599213555456.000000 0.047469065 0.283262759 0.199684635 -0.046413995 -0.103658259 -0.040994227 0.992683351
1403636599463555584.000000 0.050296981 0.295219630 0.235932335 0.000270258 -0.096264042 -0.035920568 0.994707465
1403636599613555456.000000 0.051778201 0.305094838 0.249581248 -0.007239359 -0.085330173 -0.031685095 0.995822489
1403636599813555456.000000 0.055890735 0.311604351 0.253818274 0.008976732 -0.084139980 -0.030548031 0.995945156
1403636610863555584.000000 0.059393249 0.313559562 0.252752483 0.019244382 -0.085984871 -0.018507792 0.995938599
1403636624813555456.000000 0.103691757 0.322864085 0.228082553 -0.003788602 -0.065912619 -0.037819788 0.997101247
1403636625063555584.000000 0.140718102 0.308099836 0.187644467 -0.031730529 -0.056508709 -0.069908775 0.995445967
1403636627663555584.000000 0.212819815 -0.059839170 0.119194448 -0.012114184 -0.071147569 -0.043500360 0.996443212
1403636629113555456.000000 0.456098735 -0.192809612 0.191495255 -0.028159879 0.002109865 -0.023669230 0.999320924
1403636629613555456.000000 0.601951003 -0.235841647 0.285533160 -0.014691964 0.050520413 0.009953417 0.998565376
1403636629913555456.000000 0.724420190 -0.199152306 0.369222194 -0.036311936 0.113416359 0.024671752 0.992577195
1403636630113555456.000000 0.812420368 -0.196494535 0.441288799 -0.030344667 0.141836658 0.031085731 0.988936424
1403636630263555584.000000 0.880927145 -0.220259100 0.491970032 -0.010313189 0.153037816 0.031981844 0.987648845
1403636630463555584.000000 0.972876608 -0.264989883 0.554218233 -0.011681101 0.157268733 0.030408200 0.987018526
1403636631213555456.000000 1.271683455 -0.411784738 0.820173502 -0.011281035 0.143197477 0.025933718 0.989289999
1403636632313555456.000000 1.625324011 -0.485959798 1.257134438 -0.009240639 0.142983407 0.010352986 0.989627779
1403636633113555456.000000 1.766039968 -0.513623118 1.608597040 -0.017846251 0.045674641 -0.016841540 0.998654962
1403636634313555456.000000 2.021975279 -0.683492482 2.321551561 -0.025335936 0.033656009 -0.003410021 0.999106467
1403636635213555456.000000 2.277440548 -0.898501217 2.907326221 -0.021944182 -0.002250145 -0.033995863 0.999178529
1403636635913555456.000000 2.427286386 -1.120635271 3.374699831 -0.016326470 -0.012301361 -0.003189222 0.999785960
1403636636663555584.000000 2.689092398 -1.515342116 3.870312929 0.013089704 0.003116523 -0.045909461 0.998854995
1403636638113555456.000000 2.795510292 -1.797154665 4.510971546 -0.007192936 -0.015605587 -0.033132121 0.999303281
1403636639163555584.000000 2.876425743 -1.941889286 5.071909428 -0.023275493 -0.029077636 -0.003443940 0.999300241
1403636639913555456.000000 3.098413944 -1.962594986 5.626855850 -0.003786398 -0.021880394 -0.032375414 0.999229074
1403636640813555456.000000 3.305013418 -2.113611698 6.099143028 -0.007732516 -0.057794403 -0.050634239 0.997013628
1403636643213555456.000000 3.666236401 -2.258408785 6.704516411 -0.011992401 0.001730074 -0.019956186 0.999727488
1403636644763555584.000000 3.995069981 -2.419694662 7.303582191 0.000967596 -0.006224245 -0.010939614 0.999920309
1403636645813555456.000000 4.413021088 -2.417678595 7.991514683 -0.035949908 0.005537271 -0.024478877 0.999038398
1403636646463555584.000000 4.680339813 -2.686049938 8.556569099 0.006622034 0.098736770 0.030084023 0.994636714
1403636647113555456.000000 5.006867886 -2.961113453 8.940988541 -0.002645905 0.158274695 0.031115295 0.986901164
1403636648163555584.000000 5.543952465 -3.139009953 9.307538033 0.005493031 0.204839453 0.052127708 0.977391064
1403636649013555456.000000 5.997867107 -3.035489559 9.380996704 -0.026213583 0.348486573 0.104629174 0.931086838
1403636650513555456.000000 6.606452942 -3.349654198 9.142272949 0.005029689 0.449385345 0.126986787 0.884252131
1403636652413555456.000000 6.715907574 -3.069996595 8.482650757 -0.004614032 0.613496184 0.197317913 0.764635086
1403636653713555456.000000 6.853172779 -2.876186132 7.854672432 0.005380654 0.645684361 0.184458643 0.740970850
1403636654713555456.000000 6.824538231 -2.783369064 7.464829922 0.000486021 0.702648282 0.219224185 0.676923871
1403636655663555584.000000 6.605814934 -2.637105942 7.170399189 0.015082851 0.749619603 0.235327542 0.618436694
1403636656163555584.000000 6.402676582 -2.463931084 7.015946865 0.010474585 0.788973927 0.267185450 0.553192973
1403636657113555456.000000 6.093810558 -2.355817556 6.548632622 0.023762986 0.798923373 0.236174926 0.552610338
1403636658013555456.000000 5.634692669 -2.087806940 6.141045570 0.023792978 0.788093090 0.282329649 0.546473384
1403636658713555456.000000 5.306239605 -1.854646802 5.662154675 -0.018819883 0.802487850 0.257173538 0.538071394
1403636659963555584.000000 4.966653824 -1.396785498 5.201448917 -0.006565339 0.808007658 0.250159621 0.533386171
1403636661063555584.000000 4.977701664 -0.984917879 5.162734985 -0.013777187 0.813783407 0.233884588 0.531850338
1403636662613555456.000000 5.017852306 -0.945540905 5.601413250 -0.008600139 0.805268764 0.260205686 0.532692492
1403636664363555584.000000 5.390289307 -0.751119137 5.928727150 -0.017220639 0.807799160 0.231887549 0.541656852
1403636665463555584.000000 6.047108173 -0.875267386 6.512904167 0.002438108 0.784905314 0.250774533 0.566594958
1403636667163555584.000000 6.727841377 -1.303650618 7.364068031 0.006641285 0.780975521 0.262838930 0.566523492
1403636668813555456.000000 7.375525951 -1.294760227 7.911571026 -0.022210022 0.798604906 0.241587684 0.550792456
1403636669563555584.000000 7.750680447 -1.359015822 8.304105759 0.005721495 0.805043697 0.226719990 0.548151374
1403636672013555456.000000 6.297374725 -1.408505201 7.177309990 -0.075452961 0.569604158 0.211290270 0.790705025
1403636675913555456.000000 7.092539310 -1.387875676 7.645483971 0.006837836 0.420540601 0.116212159 0.899774194
1403636677263555584.000000 7.531358719 -1.517347813 8.738736153 -0.012729592 0.241626531 0.042354468 0.969361007
1403636678613555456.000000 7.630642891 -1.777869463 9.454996109 -0.014138605 0.000430693 -0.021690914 0.999664664
1403636680063555584.000000 7.489189148 -2.006871939 9.687555313 0.012440578 -0.243366823 -0.130909935 0.960978866
1403636682213555456.000000 6.519841671 -1.835734367 8.779549599 -0.004682938 -0.244903699 -0.110286549 0.963243067
1403636684163555584.000000 5.473187447 -1.429023504 7.644133568 -0.011557398 -0.249410868 -0.108549438 0.962225378
1403636685913555456.000000 4.901602745 -1.049375534 6.519211769 -0.003990378 -0.240076855 -0.119642392 0.963344634
1403636686713555456.000000 4.631409645 -0.844292521 6.005087376 -0.022224460 -0.244610637 -0.108019724 0.963329375
1403636687463555584.000000 4.404388905 -0.741728544 5.630105972 -0.006902283 -0.250061303 -0.104845583 0.962511897
1403636688063555584.000000 4.286242008 -0.515039802 5.401907921 -0.003796603 -0.251166195 -0.110716760 0.961583555
1403636688613555456.000000 4.199512005 -0.295386553 5.184046745 -0.005736008 -0.247681096 -0.122260869 0.961079359
1403636689163555584.000000 4.063939095 -0.084155470 4.939720154 -0.019589106 -0.273975104 -0.120031893 0.954015911
1403636689863555584.000000 3.813763618 -0.111561090 4.645423412 -0.048361827 -0.292899221 -0.105814695 0.949038684
1403636690713555456.000000 3.555847645 -0.250231922 4.688451290 -0.038305320 -0.291790694 -0.087305926 0.951718748
1403636691263555584.000000 3.568827152 -0.285675704 4.948363781 0.028216325 -0.302591771 -0.063521191 0.950582564
1403636691713555456.000000 3.845892668 -0.436762989 5.070128441 -0.003318508 -0.294968665 -0.117394432 0.948262155
1403636692663555584.000000 4.488408089 -0.808316529 5.146975040 -0.004584279 -0.287981063 -0.125159606 0.949410915
1403636693363555584.000000 4.798738480 -1.079419255 5.080668449 -0.030165702 -0.284362435 -0.135510236 0.948612154
1403636694963555584.000000 4.875822544 -1.273833871 5.391998291 -0.017780645 -0.296186656 -0.106883638 0.948964298
1403636699213555456.000000 4.316926479 -1.050982237 5.211626530 -0.017168278 0.050296023 0.004795326 0.998575270
1403636700363555584.000000 4.194459915 -0.897158563 5.074899197 -0.009514475 0.233071968 0.082026429 0.968947172
1403636701263555584.000000 4.374627113 -0.620371699 4.972436905 -0.026274612 0.290709078 0.086399816 0.952540278
1403636702413555456.000000 4.717195511 -0.538294673 4.858427525 -0.013619301 0.377317309 0.111775108 0.919212997
1403636703713555456.000000 5.196923733 -0.254728615 5.020387650 -0.012670891 0.389394581 0.109726772 0.914424062
1403636705163555584.000000 5.859447002 -0.192961037 5.250664711 -0.042327188 0.373936653 0.106236078 0.920376956
1403636705813555456.000000 6.256137848 -0.240126133 5.624862194 -0.024500022 0.375056922 0.103187434 0.920915008
1403636706213555456.000000 6.504369736 -0.305778623 5.884587288 0.005474098 0.366658568 0.115077689 0.923194826
1403636706863555584.000000 6.899593830 -0.362003446 6.268295288 -0.029833494 0.372946531 0.095392227 0.922453880
1403636707863555584.000000 7.421623230 -0.780214906 6.962395668 -0.021527303 0.380320489 0.118737265 0.916948438
1403636708863555584.000000 8.032644272 -0.878386915 7.770099640 0.001145383 0.382606715 0.090865359 0.919431508
1403636709963555584.000000 8.371371269 -1.032256603 8.431379318 -0.014924866 0.392504841 0.087501608 0.915456533
1403636711063555584.000000 8.340751648 -1.079804540 9.207207680 -0.004830586 0.284861892 0.056886699 0.956866920
1403636713213555456.000000 7.362244606 -1.512740850 9.452146530 0.012677832 0.206453204 0.037892696 0.977640271
1403636714763555584.000000 6.489813805 -1.534907460 8.681699753 -0.026087999 0.181703955 0.050219886 0.981723547
1403636717813555456.000000 5.994244576 -1.306628466 7.492226601 -0.006694795 -0.018658640 -0.055064283 0.998286009
1403636719863555584.000000 5.196285725 -0.760979772 6.610466957 -0.009348025 -0.159057185 -0.070814721 0.984682024
1403636723013555456.000000 5.061658859 -0.294872403 5.550613403 -0.007385585 -0.025362289 -0.037370022 0.998952329
1403636728213555456.000000 4.634290695 -0.621431589 3.946186066 -0.000094324 0.097833611 -0.003286389 0.995197356
1403636730113555456.000000 4.081510544 -0.482534796 3.164096832 -0.012767225 0.028147846 -0.018313007 0.999354482
1403636732463555584.000000 3.738245964 -0.204955786 2.706624031 0.002797056 0.028755035 -0.026582226 0.999229074
1403636734613555456.000000 3.196883917 -0.145634577 1.734982729 -0.015296632 0.014799718 -0.020197939 0.999569416
1403636738213555456.000000 2.196026325 -0.249175653 0.888756096 -0.018915737 -0.046243288 -0.029885434 0.998303890
1403636740113555456.000000 2.418642044 -0.114139803 0.970406771 -0.007395451 0.243254334 0.061067004 0.968010068
1403636743113555456.000000 2.789972305 0.669744313 1.207842588 -0.015054991 0.238596812 0.066023521 0.968754768
1403636744663555584.000000 3.208612680 1.143423676 1.817509294 0.015767023 0.286376476 0.097787373 0.952983499
1403636749663555584.000000 3.375390768 0.606963813 2.427314758 -0.001274221 0.335778296 0.075812221 0.938884377
1403636752363555584.000000 3.065068007 -0.254387170 1.992442489 -0.001180325 0.263952672 0.066306561 0.962253153
1403636757263555584.000000 1.250949383 -0.257181019 0.830698311 0.000553365 -0.065381557 -0.051830415 0.996513247
1403636761863555584.000000 -0.076237917 0.281930894 0.113930717 -0.008170192 -0.112978041 -0.039326638 0.992785335
1403636762413555456.000000 -0.126906395 0.259250969 0.107862696 -0.037430838 -0.096619025 -0.075174399 0.991772413
1403636762563555584.000000 -0.159397170 0.271409065 0.119430639 -0.032101393 -0.108441278 -0.039340861 0.992805302
1403636762713555456.000000 -0.182642490 0.300162971 0.144150823 -0.016298976 -0.114847921 -0.021186365 0.993023396
1403636762813555456.000000 -0.188349992 0.330942541 0.167476237 -0.010340797 -0.109862693 -0.037482150 0.993185937
1403636762863555584.000000 -0.186651230 0.331397802 0.169877484 0.020484716 -0.114074647 -0.027484804 0.992880642
1403636762913555456.000000 -0.181983113 0.329764038 0.166444540 0.032119140 -0.110188119 -0.033442825 0.992828548
1403636762963555584.000000 -0.174954653 0.337683231 0.163716629 0.005037419 -0.100677855 -0.047590580 0.993767440
1403636763013555456.000000 -0.162450030 0.355156094 0.140507624 -0.003938614 -0.090843052 -0.039630964 0.995068550
1403636763113555456.000000 -0.155828640 0.359110624 0.145230189 0.004058514 -0.076187804 -0.017821793 0.996925950
1403636763313555456.000000 -0.151962683 0.357614517 0.147349715 0.005770777 -0.068245053 -0.009244084 0.997609079
