#Stereo rect[ms], MP culling[ms], MP creation[ms], LBA[ms], KF culling[ms], Total[ms]
3.588167,0.039445,0.322541,0.004457,0.004457,3.957765
4.067507,0.080541,1.743647,0.000734,0.000734,5.893133
3.827864,0.187588,2.976585,0.091386,0.091386,183.109204
3.745062,0.174670,4.262232,0.125887,0.125887,232.786660
3.743733,0.155093,8.038756,0.243739,0.243739,283.249971
3.280745,0.189962,7.010307,0.351896,0.351896,318.851749
3.678210,0.207504,7.882256,0.256162,0.256162,388.131507
4.223399,0.274177,9.137988,0.664280,0.664280,421.452490
4.082627,0.290942,9.965740,0.381466,0.381466,366.647951
3.448501,0.231287,10.660939,0.452883,0.452883,302.755913
3.120775,0.260798,11.333682,0.470709,0.470709,351.265127
3.372890,0.228313,10.257711,0.440640,0.440640,314.389345
3.278584,0.300850,12.800637,0.618545,0.618545,338.094415
3.923128,0.203998,12.030259,0.650926,0.650926,355.752608
3.368266,0.201149,12.911176,0.789451,0.789451,301.576918
4.341162,0.211021,12.965098,0.793483,0.793483,444.895521
4.052778,0.227001,13.312223,0.781995,0.781995,533.892265
4.126770,0.281337,14.304045,0.726041,0.726041,469.452590
3.792860,0.200604,15.408708,1.069691,1.069691,380.412798
4.099700,0.203586,16.024735,0.957817,0.957817,350.192389
3.520207,0.223797,16.019401,1.047603,1.047603,236.583512
3.965075,0.242107,17.987435,0.950700,0.950700,127.568301
4.753795,0.209096,15.886686,1.199525,1.199525,207.325249
4.581305,0.159770,17.935007,0.951644,0.951644,901.185024
4.317788,0.262635,18.142318,1.165821,1.165821,928.811120
4.103968,0.212761,17.303757,1.111187,1.111187,986.203960
3.772876,0.251440,13.524817,1.136355,1.136355,749.809763
3.714923,0.308332,5.430138,0.323361,0.323361,356.662013
3.778548,0.325330,6.640013,0.380122,0.380122,411.377895
4.286946,0.307283,6.460327,0.553050,0.553050,377.008874
3.892738,0.238601,7.968924,0.336330,0.336330,406.177253
3.964375,0.237234,9.275626,0.580188,0.580188,445.086912
4.319064,0.321779,10.642829,0.511748,0.511748,463.648040
4.199026,0.292126,11.660863,0.652057,0.652057,449.634930
3.631149,0.316403,12.280804,0.417771,0.417771,425.975073
4.052080,0.285150,13.047260,0.755173,0.755173,639.826826
4.227986,0.328363,14.323428,0.623581,0.623581,710.146938
4.281666,0.340044,13.351012,0.703223,0.703223,586.162959
4.023378,0.350267,12.968998,0.685465,0.685465,412.216078
4.187905,0.367982,13.592466,0.755676,0.755676,581.815859
3.949704,0.386304,12.449718,0.714568,0.714568,586.690726
4.392244,0.499621,13.328237,0.814461,0.814461,642.809910
3.938801,0.385792,12.424190,0.847367,0.847367,605.724081
3.942857,0.407815,10.173365,0.958024,0.958024,467.466992
4.108627,0.426913,10.053617,0.978250,0.978250,498.643097
3.919062,0.416940,10.196783,1.094902,1.094902,477.445855
3.975795,0.383641,11.210296,1.745494,1.745494,479.321207
3.941612,0.437145,10.797448,0.985447,0.985447,415.759339
3.969268,0.468385,10.925546,1.241019,1.241019,424.856746
3.897048,0.401046,11.846334,0.682796,0.682796,368.370743
3.869611,0.321045,11.683413,0.455433,0.455433,216.317844
3.964094,0.285397,13.663329,0.526068,0.526068,234.910721
4.025333,0.241802,14.730501,0.688047,0.688047,205.281299
4.651428,0.220680,15.854389,0.886167,0.886167,337.422593
4.721369,0.233872,19.552232,0.728483,0.728483,634.956174
4.040669,0.264580,15.538731,0.853885,0.853885,726.002755
4.153282,0.299688,14.887720,0.924120,0.924120,746.946327
3.883934,0.363206,14.270739,0.981593,0.981593,645.969995
4.167985,0.384997,15.035797,1.074168,1.074168,541.912430
4.503132,0.487673,14.983002,0.930670,0.930670,452.319020
4.133940,0.295111,15.410421,1.033908,1.033908,401.314320
4.303432,0.249280,18.344322,0.997184,0.997184,243.973253
4.211576,0.293355,15.151062,0.956498,0.956498,485.691234
4.878623,0.373037,21.067560,1.070797,1.070797,646.526567
4.002447,0.314555,13.543118,1.287757,1.287757,550.531289
3.898681,0.371099,10.211320,1.282169,1.282169,569.416215
3.896465,0.448031,15.114081,1.318835,1.318835,417.732732
4.571450,0.457988,12.707705,0.979594,0.979594,559.327619
3.929425,0.438033,12.333900,1.712297,1.712297,574.522093
4.161814,0.495750,10.999920,0.690908,0.690908,573.627232
4.104963,0.523480,13.086112,0.929335,0.929335,421.270739
4.041958,0.478449,13.548019,0.964823,0.964823,429.286879
4.050338,0.438062,12.874837,1.239820,1.239820,484.719613
3.552595,0.374553,12.861099,1.403130,1.403130,597.679222
4.026843,0.418803,13.362028,1.048913,1.048913,469.603496
4.322705,0.466337,13.478749,0.940005,0.940005,319.647478
4.163759,0.360292,17.799044,1.191477,1.191477,221.698339
4.236979,0.328975,15.252869,1.216529,1.216529,231.759673
4.033400,0.250206,13.819872,1.487062,1.487062,265.449976
4.573774,0.300240,16.976860,1.316632,1.316632,210.585242
4.634151,0.352313,16.255511,1.315647,1.315647,216.858942
4.722084,0.282660,15.790506,1.113790,1.113790,451.566114
4.280304,0.263736,15.747672,1.445696,1.445696,744.861034
4.329530,0.332243,15.410710,1.277956,1.277956,738.615923
4.122125,0.504391,21.528474,1.275752,1.275752,381.800550
4.102941,0.516574,14.218371,1.395807,1.395807,604.590704
4.187044,0.397407,15.895279,1.373333,1.373333,461.329027
5.427633,0.549368,28.458415,1.753169,1.753169,518.339909
4.115181,0.392270,15.050887,1.359553,1.359553,680.736154
4.195772,0.339125,16.002898,1.907988,1.907988,461.398986
4.939134,0.371738,16.742387,1.167285,1.167285,574.074367
4.639769,0.403589,19.103379,1.881963,1.881963,286.895325
4.199464,0.349021,15.923041,1.020978,1.020978,307.095042
4.685360,0.443119,22.946869,1.232200,1.232200,200.964856
5.658572,0.347745,20.713857,2.123062,2.123062,220.583593
6.976260,0.421894,18.819070,1.176236,1.176236,220.047494
4.640642,0.236773,22.418543,0.932638,0.932638,259.591890
4.504185,0.227628,25.061213,1.090429,1.090429,249.189656
4.317159,0.205414,1.353257,0.000000,0.000000,5.876030
3.644826,0.163841,20.324028,1.783263,1.783263,78.905315
4.831633,0.176822,17.844134,1.051986,1.051986,167.066653
5.742640,0.204450,21.898297,2.080746,2.080746,194.256109
6.428617,0.238245,21.775968,2.497282,2.497282,392.914248
4.982138,0.282933,17.818703,1.268315,1.268315,212.611037
5.640318,0.229179,17.261554,1.164175,1.164175,214.644515
4.648030,0.227996,17.395421,1.092556,1.092556,228.980317
5.464407,0.228867,18.036079,1.196989,1.196989,346.854472
4.465532,0.237520,16.861901,1.051778,1.051778,225.803396
5.022183,0.259388,17.686426,1.878375,1.878375,559.248137
5.489659,0.367070,16.593019,1.318614,1.318614,216.356203
4.606668,0.253374,19.306868,1.905489,1.905489,340.756494
4.472478,0.283492,16.811855,1.430454,1.430454,525.517127
7.147087,0.438149,19.998937,2.013987,2.013987,256.251250
7.296750,0.365432,18.519520,1.396149,1.396149,392.983563
5.075868,0.452174,18.413203,2.590529,2.590529,240.694505
5.422707,0.367375,18.203556,5.384320,5.384320,426.075663
6.251788,0.607136,21.375254,2.240083,2.240083,113.118518
6.328257,0.717776,19.768964,3.861162,3.861162,228.563465
5.405204,0.470673,20.567855,2.400865,2.400865,315.474309
5.198934,0.288008,18.341273,1.131344,1.131344,301.892448
4.401081,0.273572,19.675895,1.891394,1.891394,337.871311
5.112937,0.389030,20.445642,3.797704,3.797704,225.563064
4.732401,0.187849,18.637358,1.960156,1.960156,233.375675
4.846735,0.207061,17.891805,0.870235,0.870235,382.165966
4.711181,0.219972,17.362760,2.087937,2.087937,534.847575
7.292974,0.337392,22.251645,1.274712,1.274712,427.519629
7.367432,0.360810,19.536871,2.811791,2.811791,413.081162
5.309829,0.371019,17.679272,1.326399,1.326399,565.596991
4.900511,0.325533,18.439992,1.836370,1.836370,575.112746
4.775253,0.368078,18.282300,1.308210,1.308210,609.100146
4.543334,0.388559,18.502637,1.278055,1.278055,501.352523
4.828694,0.350199,17.103303,3.113933,3.113933,552.686252
6.432912,0.436056,27.667680,0.882769,0.882769,698.802523
4.996724,0.337616,19.402987,1.617418,1.617418,437.625797
4.637064,0.375315,18.794925,1.615782,1.615782,548.459255
4.611204,0.298824,19.520779,2.382468,2.382468,338.397971
5.557011,0.316831,19.271807,2.198805,2.198805,213.765104
5.732162,0.435482,20.938750,3.164699,3.164699,362.067320
5.897438,0.344571,20.239862,2.636193,2.636193,633.162269
4.981258,0.354041,20.905726,2.775900,2.775900,377.470218
5.578542,0.340048,17.198408,1.766997,1.766997,374.728610
5.146452,0.327632,18.533890,1.432626,1.432626,216.066860
5.262737,0.357841,19.173509,1.542316,1.542316,225.490100
5.326257,0.388438,18.053330,1.236165,1.236165,497.461897
4.941095,0.310969,16.309141,2.268300,2.268300,377.854821
5.342269,0.339556,17.696084,1.524960,1.524960,230.643805
4.500920,0.254476,18.807866,1.299072,1.299072,322.548838
5.257640,0.323013,17.310613,2.290351,2.290351,394.288021
4.906830,0.412725,18.597157,2.055944,2.055944,377.461550
4.643399,0.304269,17.714837,1.021073,1.021073,234.168417
4.230379,0.322807,18.182487,1.645498,1.645498,484.110102
4.989202,0.437023,21.080896,1.572443,1.572443,369.972058
5.581049,0.426795,17.888492,1.413612,1.413612,328.871090
4.467775,0.339156,15.976023,1.205156,1.205156,438.179781
4.274671,0.416111,19.629244,1.821545,1.821545,331.559341
4.592812,0.368927,16.168280,1.743258,1.743258,331.117559
3.886406,0.348584,22.465576,2.104409,2.104409,188.629459
6.240146,0.465757,19.942909,1.685892,1.685892,173.833188
4.349281,0.291379,19.391738,2.147684,2.147684,208.463209
5.469946,0.365840,19.503442,1.551636,1.551636,196.036261
4.486214,0.300211,18.381979,1.570343,1.570343,323.953725
4.795538,0.205179,24.694698,1.724002,1.724002,219.432983
5.011985,0.247667,18.093223,1.546659,1.546659,214.734540
9.457608,0.262728,18.196275,1.644721,1.644721,241.069347
5.266007,0.241026,17.951926,1.688027,1.688027,94.052489
5.010499,0.253460,18.327081,0.838032,0.838032,322.090241
5.035313,0.222232,17.709172,1.889787,1.889787,337.201553
5.565819,0.278446,18.519618,1.839631,1.839631,207.234289
6.608572,0.380693,22.709951,1.870524,1.870524,233.987728
5.811866,0.297849,18.624240,1.014160,1.014160,349.621423
5.311465,0.263942,21.919371,1.086728,1.086728,236.710246
5.549430,0.279109,18.437492,1.050873,1.050873,387.709247
5.477081,0.303402,17.294099,4.293488,4.293488,232.908570
9.448798,0.369851,24.750085,2.003849,2.003849,422.535848
5.710570,0.367332,19.443785,1.634423,1.634423,376.064813
7.242004,0.435917,26.270611,1.008442,1.008442,416.878970
4.598967,3.165749,19.595514,3.060141,3.060141,576.427084
5.885195,0.433810,19.855914,1.890152,1.890152,447.594887
6.072950,0.459627,20.876626,2.061460,2.061460,277.132789
5.603522,0.474821,18.794243,3.165734,3.165734,278.079881
5.981491,0.361421,21.454019,2.395589,2.395589,501.761579
5.110860,0.348566,18.548791,2.619973,2.619973,327.060345
4.963759,0.319168,23.781473,2.954880,2.954880,517.795136
5.264424,0.418019,18.902443,1.891953,1.891953,306.042393
5.750752,0.345101,25.638869,1.744345,1.744345,528.203189
4.838176,0.380594,20.115873,1.463474,1.463474,705.405504
4.689796,0.377381,18.589509,2.198731,2.198731,433.144065
4.649850,0.432031,16.623432,1.253440,1.253440,666.401698
4.719804,0.477347,17.270292,3.369949,3.369949,233.323808
5.689502,0.561740,25.349668,1.225489,1.225489,235.426571
4.847594,0.275083,26.729038,3.255006,3.255006,365.975166
5.641496,0.378910,19.219671,2.362603,2.362603,59.236852
6.138510,0.312897,20.203163,4.042535,4.042535,291.874454
7.457862,0.467389,26.819218,2.409788,2.409788,307.092444
6.429803,0.333022,22.061944,4.321210,4.321210,93.267012
6.670794,0.471732,27.086339,3.671251,3.671251,490.098967
5.809660,0.347271,39.056617,1.255195,1.255195,304.919993
5.837053,0.284952,20.201860,2.334009,2.334009,301.076698
7.397396,0.222744,20.805195,1.371819,1.371819,560.977851
4.763037,0.332272,18.110018,3.122623,3.122623,705.507943
5.209492,0.411969,18.082436,2.338712,2.338712,995.055027
4.128972,0.339571,19.592279,2.287488,2.287488,1093.584688
4.129252,0.368731,18.150469,2.759871,2.759871,1139.452461
4.558040,0.412446,18.641727,2.263112,2.263112,1117.852544
4.197383,0.334841,16.194842,2.136526,2.136526,1404.348916
3.955407,0.322238,18.522104,1.335145,1.335145,1171.311115
